-10.0,-38.72447132785439
-9.9,-25.050551275694474
-9.8,-17.606313596537923
-9.700000000000001,-14.256244986700688
-9.600000000000001,-15.151210733849567
-9.500000000000002,-28.415842239652516
-9.400000000000002,79.90478487391164
-9.300000000000002,15.668988317560622
-9.200000000000003,8.675580924587024
-9.100000000000003,5.92812577931695
-9.000000000000004,4.420790082450532
-8.900000000000004,3.4546744849856004
-8.800000000000004,2.7733602116854614
-8.700000000000005,2.2584657935485524
-8.600000000000005,1.8486556852829095
-8.500000000000005,1.5627783647807392
-8.400000000000006,4.134797898130021
-8.300000000000006,96.67016627780338
-8.200000000000006,3005.6896717527743
-8.100000000000007,142773.77301703338
-8.000000000000007,2.5578178507901214E7
-7.9000000000000075,1.0533436085364786E12
-7.800000000000008,-2.4807265494380188E11
-7.700000000000008,-1.5400870650581364E7
-7.6000000000000085,-101816.25033784739
-7.500000000000009,-2266.3163263228785
-7.400000000000009,-73.95891010357802
-7.30000000000001,-3.417781045084122
-7.20000000000001,-1.5714712026507067
-7.10000000000001,-1.8782892366141506
-7.000000000000011,-2.2950309113952514
-6.900000000000011,-2.8204323451324145
-6.800000000000011,-3.5190001407552423
-6.700000000000012,-4.515991789423419
-6.600000000000012,-6.086190862465173
-6.500000000000012,-8.998505015205033
-6.400000000000013,-16.7399373525311
-6.300000000000013,-118.07516186575064
-6.2000000000000135,25.98489027981514
-6.100000000000014,14.85770529680632
-6.000000000000014,14.386635545573949
-5.900000000000015,18.03504788115525
-5.800000000000015,25.865915949571715
-5.700000000000015,40.212026133145294
-5.600000000000016,67.2261856797098
-5.500000000000016,123.2942499251626
-5.400000000000016,258.2458074855166
-5.300000000000017,656.7801325556427
-5.200000000000017,2221.9214397081814
-5.100000000000017,11547.040074363213
-5.000000000000018,119066.72299652998
-4.900000000000018,4270127.820862432
-4.8000000000000185,3.442541691640435E9
-4.700000000000019,-1.4557114740562864E17
-4.600000000000019,-3.768302214138282E8
-4.5000000000000195,-1479675.9546487553
-4.40000000000002,-61307.8579287525
-4.30000000000002,-7293.6946831491105
-4.200000000000021,-1589.1507040286008
-4.100000000000021,-509.61691423578833
-4.000000000000021,-211.75157703631456
-3.9000000000000212,-104.98302210689165
-3.800000000000021,-58.74708674129892
-3.700000000000021,-35.81370174905879
-3.600000000000021,-23.45137746865071
-3.500000000000021,-16.782511937661102
-3.400000000000021,-14.063301949196264
-3.3000000000000207,-15.962119795623487
-3.2000000000000206,-35.84700794942861
-3.1000000000000205,47.38107488216109
-3.0000000000000204,13.80507609626877
-2.9000000000000203,8.061671126193222
-2.8000000000000203,5.6171712368421876
-2.70000000000002,4.230249058957
-2.60000000000002,3.3244821644455707
-2.50000000000002,2.6772963152444467
-2.40000000000002,2.1833722572017455
-2.30000000000002,1.7877712487400208
-2.2000000000000197,1.5694049105883057
-2.1000000000000196,6.526239219308952
-2.0000000000000195,170.4716498779157
-1.9000000000000195,5502.1757479565795
-1.8000000000000194,299109.00580651284
-1.7000000000000193,8.141509065896693E7
-1.6000000000000192,6.406479903846715E13
-1.500000000000019,-2.107212972614337E10
-1.400000000000019,-5664071.088943574
-1.300000000000019,-50980.32442992749
-1.2000000000000188,-1257.28723810632
-1.1000000000000187,-42.114278769624136
-1.0000000000000187,-2.449098802873584
-0.9000000000000187,-1.604752221532575
-0.8000000000000187,-1.9424794344877032
-0.7000000000000187,-2.3744836527735993
-0.6000000000000187,-2.92339186619259
-0.5000000000000188,-3.660927383462952
-0.4000000000000188,-4.728551783763702
-0.3000000000000188,-6.44586365491344
-0.2000000000000188,-9.762656679270785
-0.1000000000000188,-19.566037300550835
-1.8790524691780774E-14,-1.0643662346482366E14
0.09999999999998122,-15.861563031921131
0.19999999999998122,-9.802802334738889
0.2999999999999812,-7.1593535624738625
0.39999999999998126,-5.577781780833383
0.49999999999998124,-4.477788014804297
0.5999999999999812,-3.6409876898145095
0.6999999999999812,-2.965481712734071
0.7999999999999812,-2.396894100447724
0.8999999999999811,-1.9033817523056757
0.9999999999999811,-1.464973024759535
1.0999999999999812,-1.068460077914892
1.1999999999999813,-0.7047310244644365
1.2999999999999814,-0.36727841509599024
1.3999999999999815,-0.051318363099389974
1.4999999999999816,0.24675280840239455
1.5999999999999817,0.5297086958763453
1.6999999999999817,0.7997225434239684
1.7999999999999818,1.0585254293129271
1.899999999999982,1.3075171346893306
1.999999999999982,1.547841965285163
2.099999999999982,1.780446798396218
2.199999999999982,2.0061277047506896
2.299999999999982,2.2255517234536004
2.399999999999982,2.4392913708750816
2.4999999999999822,2.6478357313141903
2.5999999999999823,2.851608651189518
2.6999999999999824,3.0509796496418713
2.7999999999999825,3.2462729445159972
2.8999999999999826,3.437772478709146
2.9999999999999827,3.625730795316917
3.0999999999999828,3.810375258592128
3.199999999999983,3.991904282544086
3.299999999999983,4.1704992279188
3.399999999999983,4.346324898014147
3.499999999999983,4.519528713738476
3.599999999999983,4.690243051870774
3.6999999999999833,4.858591248608911
3.7999999999999834,5.024687218593902
3.8999999999999835,5.188635591644352
3.9999999999999836,5.3505248374373435
4.099999999999984,5.510447119912485
4.199999999999983,5.668483373301726
4.299999999999983,5.824707167483446
4.399999999999983,5.979190155136424
4.499999999999982,6.131993472735074
4.599999999999982,6.283181435175146
4.6999999999999815,6.432811555961432
4.799999999999981,6.5809345462450715
4.899999999999981,6.727600462670426
4.9999999999999805,6.8728562852192745
5.09999999999998,7.016751131989253
5.19999999999998,7.159321630434146
5.299999999999979,7.300605811793254
5.399999999999979,7.440644768018307
5.499999999999979,7.579477260194295
5.599999999999978,7.717129069662295
5.699999999999978,7.853634752351175
5.799999999999978,7.989026547750021
5.899999999999977,8.12333704458672
5.999999999999977,8.256583363385587
